2.3058227
1.8474357
2.4358702
2.7746794
1.6429537
1.0833078
1.0865214
0.33895502
1.2466925
1.6164675
2.5655436
1.1627098
2.0664446
0.75285351
3.4817791
1.6099943
0.77648228
3.6981119
2.6312508
4.3144342
2.6312508
3.6981119
4.3144342
1.8196852
1.4752005
1.2451096
3.0351586
2.8363916
3.5397335
3.5406705
0.30425956
0.10243297
-0.23419203
0.42445089
-0.12377836
0.64764624
2.2543387
0.95461678
0.97945081
2.7423969
3.1321377
1.5710983
2.2483671
2.1059258
2.5692029
2.8581258
2.3212123
2.8704995
2.178771
2.485132
2.0424587
2.5917458
1.9967104
1.0465782
3.5007761
3.6378645
3.5547638
3.7770923
2.929843
3.4807215
3.7766783
3.9137667
3.8269872
3.468292
3.3071785
3.6349077
3.4737943
3.4111182
3.2500048
3.5515127
3.487912
3.3267985
3.7290791
3.8735763
